-217116766
-210717790
-161321852
-150501300
-136120535
-108853385
-149043701
-95763449
-154575361
-173650395
-135733533
-165920331
-133922713
-185274534
-179549959
-118974224
-94254667
-92504944
-181807566
-143146087
-100432857
-215774926
-180449771
-213721473
-204378008
-202475710
-135471942
-209018677
-47907770
-5180400
-29600968
-74172712
-137503182
-31193211
-187352967
-176713893
-12867
-218304503
-174970853
-159551209
-112292510
-217476098
-189866076
-215953631
-180374236
-113206276
-52470070
-194598503
-97100783
-174905257
-70640828
-101514405
-198269207
-165297859
-168332726
-199222215
-175291601
-96881248
-43574267
-174631396
-170592755
-192015760
-190437175
-152075601
-122365263
-148014727
-36546897
-90399102
-192290456
-145529173
-184600427
-60241503
-174899775
-161363949
-193041849
-448187
-152089206
-160850849
-192290509
-122504138
-141686626
-104489216
-189003136
-206390521
-169087174
-221741928
-155202047
-138532236
-213315882
-215899997
-217319747
